Docs

404142373839353632333429303127282425262223192021161718141511121389106734512

// PI 闭环控制器
float compute_pi(float setpoint, float measured_value, float dt_sec) {
    float error = setpoint - measured_value;
    integral += error * dt_sec;
    
    float output = (Kp * error) + (Ki * integral);
    
    // Anti-windup 积分限幅 (假设输出范围是 -100 到 100)
    if (output > 100.0) output = 100.0;

Simulation
ESP-ROM:esp32s3-20210327
Build:Mar 27 2021
rst:0x1 (POWERON),boot:0x8 (SPI_FAST_FLASH_BOOT)
SPIWP:0xee
mode:DIO, clock div:1
load:0x3fce3808,len:0x370
load:0x403c9700,len:0x900
load:0x403cc700,len:0x2364
entry 0x403c98ac
1081,50.00,1.50
1091,50.00,2.99
1101,50.00,4.48
1111,50.00,5.96
1121,50.00,7.42
1131,50.00,8.87
1141,50.00,10.30
1151,50.00,11.71
1161,50.00,13.10
1171,50.00,14.46
1181,50.00,15.81
1191,50.00,17.13
1201,50.00,18.44
1211,50.00,19.72
1221,50.00,20.97
1231,50.00,22.21
1241,50.00,23.42
1251,50.00,24.62
1261,50.00,25.78
1271,50.00,26.93
1281,50.00,28.05
1291,50.00,29.15
1301,50.00,30.23
1311,50.00,31.29
1321,50.00,32.32
1331,50.00,33.33
1341,50.00,34.31
1351,50.00,35.28
1361,50.00,36.22
1371,50.00,37.13
1381,50.00,38.03
1391,50.00,38.90
1401,50.00,39.75
1411,50.00,40.58
1421,50.00,41.39
1431,50.00,42.17
1441,50.00,42.94
1451,50.00,43.68
1461,50.00,44.40
1471,50.00,45.10
1481,50.00,45.78
1491,50.00,46.44
1501,50.00,47.08
1511,50.00,47.69
1521,50.00,48.29
1531,50.00,48.87
1541,50.00,49.43
1551,50.00,49.97
1561,50.00,50.49
1571,50.00,50.99
1581,50.00,51.48
1591,50.00,51.94
1601,50.00,52.39
1611,50.00,52.82
1621,50.00,53.23
1631,50.00,53.63
1641,50.00,54.01
1651,50.00,54.37
1661,50.00,54.72
1671,50.00,55.05
1681,50.00,55.37
1691,50.00,55.67
1701,50.00,55.96
1711,50.00,56.23
1721,50.00,56.49
1731,50.00,56.73
1741,50.00,56.96
1751,50.00,57.18
1761,50.00,57.38
1771,50.00,57.58
1781,50.00,57.75
1791,50.00,57.92
1801,50.00,58.08
1811,50.00,58.22
1821,50.00,58.35
1831,50.00,58.48
1841,50.00,58.59
1851,50.00,58.69
1861,50.00,58.78
1871,50.00,58.86
1881,50.00,58.93
1891,50.00,58.99
1901,50.00,59.05
1911,50.00,59.09
1921,50.00,59.13
1931,50.00,59.15
1941,50.00,59.18
1951,50.00,59.19
1961,50.00,59.19
1971,50.00,59.19
1981,50.00,59.18
1991,50.00,59.17
2001,50.00,59.15
2011,50.00,59.12
2021,50.00,59.09
2031,50.00,59.05
2041,50.00,59.00
2051,50.00,58.95
2061,50.00,58.90
2071,50.00,58.84
2081,50.00,58.77
2091,50.00,58.71
2101,50.00,58.63
2111,50.00,58.56
2121,50.00,58.48
2131,50.00,58.39
2141,50.00,58.31
2151,50.00,58.22
2161,50.00,58.12
2171,50.00,58.03
2181,50.00,57.93
2191,50.00,57.83
2201,50.00,57.72
2211,50.00,57.62
2221,50.00,57.51
2231,50.00,57.40
2241,50.00,57.29
2251,50.00,57.18
2261,50.00,57.06
2271,50.00,56.95
2281,50.00,56.83
2291,50.00,56.71
2301,50.00,56.59
2311,50.00,56.47
2321,50.00,56.35
2331,50.00,56.23
2341,50.00,56.11
2351,50.00,55.99
2361,50.00,55.87
2371,50.00,55.75
2381,50.00,55.62
2391,50.00,55.50
2401,50.00,55.38
2411,50.00,55.26
2421,50.00,55.14
2431,50.00,55.02
2441,50.00,54.90
2451,50.00,54.78
2461,50.00,54.66
2471,50.00,54.54
2481,50.00,54.42
2491,50.00,54.30
2501,50.00,54.19
2511,50.00,54.07
2521,50.00,53.96
2531,50.00,53.85
2541,50.00,53.73
2551,50.00,53.62
2561,50.00,53.51
2571,50.00,53.40
2581,50.00,53.30
2591,50.00,53.19
2601,50.00,53.09
2611,50.00,52.98
2621,50.00,52.88
2631,50.00,52.78
2641,50.00,52.68
2651,50.00,52.58
2661,50.00,52.49
2671,50.00,52.39
2681,50.00,52.30
2691,50.00,52.21
2701,50.00,52.12
2711,50.00,52.03
2721,50.00,51.94
2731,50.00,51.86
2741,50.00,51.77
2751,50.00,51.69
2761,50.00,51.61
2771,50.00,51.53
2781,50.00,51.45
2791,50.00,51.38
2801,50.00,51.30
2811,50.00,51.23
2821,50.00,51.16
2831,50.00,51.09
2841,50.00,51.02
2851,50.00,50.96
2861,50.00,50.89
2871,50.00,50.83
2881,50.00,50.77
2891,50.00,50.71
2901,50.00,50.65
2911,50.00,50.59
2921,50.00,50.54
2931,50.00,50.49
2941,50.00,50.43
2951,50.00,50.38
2961,50.00,50.33
2971,50.00,50.29
2981,50.00,50.24
2991,50.00,50.19
3001,50.00,50.15
3011,50.00,50.11
3021,50.00,50.07
3031,50.00,50.03
3041,50.00,49.99
3051,50.00,49.96
3061,50.00,49.92
3071,50.00,49.89
3081,50.00,49.85
3091,50.00,49.82
3101,50.00,49.79
3111,50.00,49.76
3121,50.00,49.74
3131,50.00,49.71
3141,50.00,49.68
3151,50.00,49.66
3161,50.00,49.64
3171,50.00,49.61
3181,50.00,49.59
3191,50.00,49.57
3201,50.00,49.55
3211,50.00,49.54
3221,50.00,49.52
3231,50.00,49.50
3241,50.00,49.49
3251,50.00,49.47
3261,50.00,49.46
3271,50.00,49.45
3281,50.00,49.44
3291,50.00,49.43
3301,50.00,49.42
3311,50.00,49.41
3321,50.00,49.40
3331,50.00,49.39
3341,50.00,49.38
3351,50.00,49.38
3361,50.00,49.37
3371,50.00,49.37
3381,50.00,49.36
3391,50.00,49.36
3401,50.00,49.36
3411,50.00,49.35
3421,50.00,49.35
3431,50.00,49.35
3441,50.00,49.35
3451,50.00,49.35
3461,50.00,49.35
3471,50.00,49.35
3481,50.00,49.35
3491,50.00,49.35
3501,50.00,49.36
3511,50.00,49.36
3521,50.00,49.36
3531,50.00,49.36
3541,50.00,49.37
3551,50.00,49.37
3561,50.00,49.38
3571,50.00,49.38
3581,50.00,49.39
3591,50.00,49.39
3601,50.00,49.40
3611,50.00,49.40
3621,50.00,49.41
3631,50.00,49.41
3641,50.00,49.42
3651,50.00,49.43
3661,50.00,49.43
3671,50.00,49.44
3681,50.00,49.45
3691,50.00,49.46
3701,50.00,49.46
3711,50.00,49.47
3721,50.00,49.48
3731,50.00,49.49
3741,50.00,49.49
3751,50.00,49.50
3761,50.00,49.51
3771,50.00,49.52
3781,50.00,49.53
3791,50.00,49.54
3801,50.00,49.54
3811,50.00,49.55
3821,50.00,49.56
3831,50.00,49.57
3841,50.00,49.58
3851,50.00,49.59
3861,50.00,49.60
3871,50.00,49.60
3881,50.00,49.61
3891,50.00,49.62
3901,50.00,49.63
3911,50.00,49.64
3921,50.00,49.65
3931,50.00,49.66
3941,50.00,49.66
3951,50.00,49.67
3961,50.00,49.68
3971,50.00,49.69
3981,50.00,49.70
3991,50.00,49.71
4001,50.00,49.71
4011,50.00,49.72
4021,50.00,49.73
4031,50.00,49.74
4041,50.00,49.75
4051,50.00,49.75
4061,50.00,49.76
4071,50.00,49.77
4081,50.00,49.78
4091,50.00,49.78
4101,50.00,49.79
4111,50.00,49.80
4121,50.00,49.81
4131,50.00,49.81
4141,50.00,49.82
4151,50.00,49.83
4161,50.00,49.83
4171,50.00,49.84
4181,50.00,49.85
4191,50.00,49.85
4201,50.00,49.86
4211,50.00,49.86
4221,50.00,49.87
4231,50.00,49.88
4241,50.00,49.88
4251,50.00,49.89
4261,50.00,49.89
4271,50.00,49.90
4281,50.00,49.90
4291,50.00,49.91
4301,50.00,49.91
4311,50.00,49.92
4321,50.00,49.92
4331,50.00,49.93
4341,50.00,49.93
4351,50.00,49.94
4361,50.00,49.94
4371,50.00,49.95
4381,50.00,49.95
4391,50.00,49.96
4401,50.00,49.96
4411,50.00,49.96
4421,50.00,49.97
4431,50.00,49.97
4441,50.00,49.97
4451,50.00,49.98
4461,50.00,49.98
4471,50.00,49.98
4481,50.00,49.99
4491,50.00,49.99
4501,50.00,49.99
4511,50.00,50.00
4521,50.00,50.00
4531,50.00,50.00
4541,50.00,50.00
4551,50.00,50.01
4561,50.00,50.01
4571,50.00,50.01
4581,50.00,50.01
4591,50.00,50.02
4601,50.00,50.02
4611,50.00,50.02
4621,50.00,50.02
4631,50.00,50.02
4641,50.00,50.02
4651,50.00,50.03
4661,50.00,50.03
4671,50.00,50.03
4681,50.00,50.03
4691,50.00,50.03
4701,50.00,50.03
4711,50.00,50.03
4721,50.00,50.04
4731,50.00,50.04
4741,50.00,50.04
4751,50.00,50.04
4761,50.00,50.04
4771,50.00,50.04
4781,50.00,50.04
4791,50.00,50.04
4801,50.00,50.04
4811,50.00,50.04
4821,50.00,50.04
4831,50.00,50.04
4841,50.00,50.04
4851,50.00,50.04
4861,50.00,50.04
4871,50.00,50.05
4881,50.00,50.05
4891,50.00,50.05
4901,50.00,50.05
4911,50.00,50.05
4921,50.00,50.05
4931,50.00,50.05
4941,50.00,50.05
4951,50.00,50.05
4961,50.00,50.05
4971,50.00,50.05
4981,50.00,50.05
4991,50.00,50.05
5001,50.00,50.05
5011,50.00,50.05
5021,50.00,50.04
5031,50.00,50.04
5041,50.00,50.04
5051,50.00,50.04
5061,50.00,50.04
5071,50.00,50.04
5081,50.00,50.04
5091,50.00,50.04
5101,50.00,50.04
5111,50.00,50.04
5121,50.00,50.04
5131,50.00,50.04
5141,50.00,50.04
5151,50.00,50.04
5161,50.00,50.04
5171,50.00,50.04
5181,50.00,50.04
5191,50.00,50.04
5201,50.00,50.04
5211,50.00,50.04
5221,50.00,50.04
5231,50.00,50.04
5241,50.00,50.03
5251,50.00,50.03
5261,50.00,50.03
5271,50.00,50.03
5281,50.00,50.03
5291,50.00,50.03
5301,50.00,50.03
5311,50.00,50.03
5321,50.00,50.03
5331,50.00,50.03
5341,50.00,50.03
5351,50.00,50.03
5361,50.00,50.03
5371,50.00,50.03
5381,50.00,50.03
5391,50.00,50.03
5401,50.00,50.03
5411,50.00,50.02
5421,50.00,50.02
5431,50.00,50.02
5441,50.00,50.02
5451,50.00,50.02
5461,50.00,50.02
5471,50.00,50.02
5481,50.00,50.02
5491,50.00,50.02
5501,50.00,50.02
5511,50.00,50.02
5521,50.00,50.02
5531,50.00,50.02
5541,50.00,50.02
5551,50.00,50.02
5561,50.00,50.02
5571,50.00,50.02
5581,50.00,50.02
5591,50.00,50.01
5601,50.00,50.01
5611,50.00,50.01
5621,50.00,50.01
5631,50.00,50.01
5641,50.00,50.01
5651,50.00,50.01
5661,50.00,50.01
5671,50.00,50.01
5681,50.00,50.01
5691,50.00,50.01
5701,50.00,50.01
5711,50.00,50.01
5721,50.00,50.01
5731,50.00,50.01
5741,50.00,50.01
5751,50.00,50.01
5761,50.00,50.01
5771,50.00,50.01
5781,50.00,50.01
5791,50.00,50.01
5801,50.00,50.01
5811,50.00,50.01
5821,50.00,50.00
5831,50.00,50.00
5841,50.00,50.00
5851,50.00,50.00
5861,50.00,50.00
5871,50.00,50.00
5881,50.00,50.00
5891,50.00,50.00
5901,50.00,50.00
5911,50.00,50.00
5921,50.00,50.00
5931,50.00,50.00
5941,50.00,50.00
5951,50.00,50.00
5961,50.00,50.00
5971,50.00,50.00
5981,50.00,50.00
5991,50.00,50.00
6001,50.00,50.00
6011,50.00,50.00
6021,50.00,50.00
6031,50.00,50.00
6041,50.00,50.00
6051,50.00,50.00
6061,50.00,50.00
6071,50.00,50.00
6081,50.00,50.00
6091,50.00,50.00
6101,50.00,50.00
6111,50.00,50.00
6121,50.00,50.00
6131,50.00,50.00
6141,50.00,50.00
6151,50.00,50.00
6161,50.00,50.00
6171,50.00,50.00
6181,50.00,50.00
6191,50.00,50.00
6201,50.00,50.00
6211,50.00,50.00
6221,50.00,50.00
6231,50.00,50.00
6241,50.00,50.00
6251,50.00,50.00
6261,50.00,50.00
6271,50.00,50.00
6281,50.00,50.00
6291,50.00,50.00
6301,50.00,50.00
6311,50.00,50.00
6321,50.00,50.00
6331,50.00,50.00
6341,50.00,50.00
6351,50.00,50.00
6361,50.00,50.00
6371,50.00,50.00
6381,50.00,50.00
6391,50.00,50.00
6401,50.00,50.00
6411,50.00,50.00
6421,50.00,50.00
6431,50.00,50.00
6441,50.00,50.00
6451,50.00,50.00
6461,50.00,50.00
6471,50.00,50.00
6481,50.00,50.00
6491,50.00,50.00
6501,50.00,50.00
6511,50.00,50.00
6521,50.00,50.00
6531,50.00,50.00
6541,50.00,50.00
6551,50.00,50.00
6561,50.00,50.00
6571,50.00,50.00
6581,50.00,50.00
6591,50.00,50.00
6601,50.00,50.00
6611,50.00,50.00
6621,50.00,50.00
6631,50.00,50.00
6641,50.00,50.00
6651,50.00,50.00
6661,50.00,50.00
6671,50.00,50.00
6681,50.00,50.00
6691,50.00,50.00
6701,50.00,50.00
6711,50.00,50.00
6721,50.00,50.00
6731,50.00,50.00
6741,50.00,50.00
6751,50.00,50.00
6761,50.00,50.00
6771,50.00,50.00
6781,50.00,50.00
6791,50.00,50.00
6801,50.00,50.00
6811,50.00,50.00
6821,50.00,50.00
6831,50.00,50.00
6841,50.00,50.00
6851,50.00,50.00
6861,50.00,50.00
6871,50.00,50.00
6881,50.00,50.00
6891,50.00,50.00
6901,50.00,50.00
6911,50.00,50.00
6921,50.00,50.00
6931,50.00,50.00
6941,50.00,50.00
6951,50.00,50.00
6961,50.00,50.00
6971,50.00,50.00
6981,50.00,50.00
6991,50.00,50.00
7001,50.00,50.00
7011,50.00,50.00
7021,50.00,50.00
7031,50.00,50.00
7041,50.00,50.00
7051,50.00,50.00
7061,50.00,50.00
7071,50.00,50.00
7081,50.00,50.00
7091,50.00,50.00
7101,50.00,50.00
7111,50.00,50.00
7121,50.00,50.00
7131,50.00,50.00
7141,50.00,50.00
7151,50.00,50.00
7161,50.00,50.00
7171,50.00,50.00
7181,50.00,50.00
7191,50.00,50.00
7201,50.00,50.00
7211,50.00,50.00
7221,50.00,50.00
7231,50.00,50.00
7241,50.00,50.00
7251,50.00,50.00
7261,50.00,50.00
7271,50.00,50.00
7281,50.00,50.00
7291,50.00,50.00
7301,50.00,50.00
7311,50.00,50.00
7321,50.00,50.00
7331,50.00,50.00
7341,50.00,50.00
7351,50.00,50.00
7361,50.00,50.00
7371,50.00,50.00
7381,50.00,50.00
7391,50.00,50.00
7401,50.00,50.00
7411,50.00,50.00
7421,50.00,50.00
7431,50.00,50.00
7441,50.00,50.00
7451,50.00,50.00
7461,50.00,50.00
7471,50.00,50.00
7481,50.00,50.00
7491,50.00,50.00
7501,50.00,50.00
7511,50.00,50.00
7521,50.00,50.00
7531,50.00,50.00
7541,50.00,50.00
7551,50.00,50.00
7561,50.00,50.00
7571,50.00,50.00
7581,50.00,50.00
7591,50.00,50.00
7601,50.00,50.00
7611,50.00,50.00
7621,50.00,50.00
7631,50.00,50.00
7641,50.00,50.00
7651,50.00,50.00
7661,50.00,50.00
7671,50.00,50.00
7681,50.00,50.00
7691,50.00,50.00
7701,50.00,50.00
7711,50.00,50.00
7721,50.00,50.00
7731,50.00,50.00
7741,50.00,50.00
7751,50.00,50.00
7761,50.00,50.00
7771,50.00,50.00
7781,50.00,50.00
7791,50.00,50.00
7801,50.00,50.00
7811,50.00,50.00
7821,50.00,50.00
7831,50.00,50.00
7841,50.00,50.00
7851,50.00,50.00
7861,50.00,50.00
7871,50.00,50.00
7881,50.00,50.00
7891,50.00,50.00
7901,50.00,50.00
7911,50.00,50.00
7921,50.00,50.00
7931,50.00,50.00
7941,50.00,50.00
7951,50.00,50.00
7961,50.00,50.00
7971,50.00,50.00
7981,50.00,50.00
7991,50.00,50.00
8001,50.00,50.00
8011,50.00,50.00
8021,50.00,50.00
8031,50.00,50.00
8041,50.00,50.00
8051,50.00,50.00
8061,50.00,50.00
8071,50.00,50.00
8081,50.00,50.00
8091,50.00,50.00
8101,50.00,50.00
8111,50.00,50.00
8121,50.00,50.00
8131,50.00,50.00
8141,50.00,50.00
8151,50.00,50.00
8161,50.00,50.00
8171,50.00,50.00
8181,50.00,50.00
8191,50.00,50.00
8201,50.00,50.00
8211,50.00,50.00
8221,50.00,50.00
8231,50.00,50.00
8241,50.00,50.00
8251,50.00,50.00
8261,50.00,50.00
8271,50.00,50.00
8281,50.00,50.00
8291,50.00,50.00
8301,50.00,50.00
8311,50.00,50.00
8321,50.00,50.00
8331,50.00,50.00
8341,50.00,50.00
8351,50.00,50.00
8361,50.00,50.00
8371,50.00,50.00
8381,50.00,50.00
8391,50.00,50.00
8401,50.00,50.00
8411,50.00,50.00
8421,50.00,50.00
8431,50.00,50.00
8441,50.00,50.00
8451,50.00,50.00
8461,50.00,50.00
8471,50.00,50.00
8481,50.00,50.00
8491,50.00,50.00
8501,50.00,50.00
8511,50.00,50.00
8521,50.00,50.00
8531,50.00,50.00
8541,50.00,50.00
8551,50.00,50.00
8561,50.00,50.00
8571,50.00,50.00
8581,50.00,50.00
8591,50.00,50.00
8601,50.00,50.00
8611,50.00,50.00
8621,50.00,50.00
8631,50.00,50.00
8641,50.00,50.00
8651,50.00,50.00
8661,50.00,50.00
8671,50.00,50.00
8681,50.00,50.00
8691,50.00,50.00
8701,50.00,50.00
8711,50.00,50.00
8721,50.00,50.00
8731,50.00,50.00
8741,50.00,50.00
8751,50.00,50.00
8761,50.00,50.00
8771,50.00,50.00
8781,50.00,50.00
8791,50.00,50.00
8801,50.00,50.00
8811,50.00,50.00
8821,50.00,50.00
8831,50.00,50.00
8841,50.00,50.00
8851,50.00,50.00
8861,50.00,50.00
8871,50.00,50.00
8881,50.00,50.00
8891,50.00,50.00
8901,50.00,50.00
8911,50.00,50.00
8921,50.00,50.00
8931,50.00,50.00
8941,50.00,50.00
8951,50.00,50.00
8961,50.00,50.00
8971,50.00,50.00
8981,50.00,50.00
8991,50.00,50.00
9001,50.00,50.00
9011,50.00,50.00
9021,50.00,50.00
9031,50.00,50.00
9041,50.00,50.00
9051,50.00,50.00
9061,50.00,50.00
9071,50.00,50.00
9081,50.00,50.00
9091,50.00,50.00
9101,50.00,50.00
9111,50.00,50.00
9121,50.00,50.00
9131,50.00,50.00
9141,50.00,50.00
9151,50.00,50.00
9161,50.00,50.00
9171,50.00,50.00
9181,50.00,50.00
9191,50.00,50.00
9201,50.00,50.00
9211,50.00,50.00
9221,50.00,50.00
9231,50.00,50.00
9241,50.00,50.00
9251,50.00,50.00




